[(1, 5)]
[(1, 8)]
[(1, 11)]
[(3, 4)]
[(3, 3), (3, 12), (6, 5)]
[(1, 0), (6, 4), (3, 13)]
[(3, 7)]
[(3, 6), (3, 19), (6, 8)]
[(1, 1), (6, 7), (3, 20)]
[(3, 10)]
[(3, 9), (3, 23), (6, 11)]
[(1, 2), (6, 10), (3, 24)]
[(3, 4), (7, 110), (6, 13)]
[(3, 5), (6, 12), (2, 14)]
[(2, 13), (3, 36), (7, 15)]
[(7, 14), (1, 28), (2, 16)]
[(1, 15), (1, 29), (2, 17)]
[(2, 16), (1, 30), (2, 18)]
[(2, 17), (1, 31), (3, 19)]
[(3, 7), (4, 18), (3, 41), (6, 20)]
[(3, 8), (6, 19), (2, 21)]
[(2, 20), (3, 43), (7, 22)]
[(7, 21), (7, 133)]
[(3, 10), (7, 134), (6, 24)]
[(3, 11), (6, 23), (2, 25)]
[(2, 24), (3, 48), (7, 26)]
[(7, 25), (1, 32), (2, 27)]
[(1, 26), (1, 33)]
[(1, 15), (6, 121), (1, 29)]
[(2, 16), (1, 28), (1, 30)]
[(2, 17), (1, 29), (1, 31)]
[(2, 18), (1, 30), (2, 40)]
[(1, 26), (6, 145), (1, 33)]
[(2, 27), (1, 32)]
[(4, 111), (2, 35)]
[(2, 34), (1, 52), (1, 36)]
[(3, 14), (1, 35), (2, 53), (1, 37)]
[(1, 36), (2, 54), (1, 38)]
[(1, 37), (2, 55), (1, 39)]
[(1, 38), (1, 56)]
[(2, 31), (2, 41)]
[(3, 19), (2, 40), (6, 188)]
[(1, 57), (1, 43)]
[(3, 21), (1, 42), (2, 58), (1, 44)]
[(1, 43), (2, 59), (1, 45)]
[(1, 44), (2, 60), (1, 46)]
[(1, 45), (1, 61)]
[(1, 62), (1, 48)]
[(3, 25), (1, 47), (2, 63), (1, 49)]
[(1, 48), (2, 64), (1, 50)]
[(1, 49), (2, 65), (1, 51)]
[(1, 50), (1, 66)]
[(1, 35), (1, 67), (2, 53)]
[(1, 36), (1, 52), (2, 68), (2, 54)]
[(1, 37), (2, 53), (2, 69), (2, 55)]
[(1, 38), (2, 54), (2, 70), (1, 56)]
[(1, 39), (2, 55), (1, 71)]
[(1, 42), (1, 74), (2, 58)]
[(1, 43), (1, 57), (2, 75), (2, 59)]
[(1, 44), (2, 58), (2, 76), (2, 60)]
[(1, 45), (2, 59), (2, 77), (1, 61)]
[(1, 46), (2, 60), (1, 78)]
[(1, 47), (1, 81), (2, 63)]
[(1, 48), (1, 62), (2, 82), (2, 64)]
[(1, 49), (2, 63), (2, 83), (2, 65)]
[(1, 50), (2, 64), (2, 84), (1, 66)]
[(1, 51), (2, 65), (1, 85)]
[(1, 52), (1, 88), (2, 68)]
[(2, 53), (1, 67), (2, 89), (2, 69)]
[(2, 54), (2, 68), (2, 90), (2, 70)]
[(2, 55), (2, 69), (2, 91), (1, 71)]
[(1, 56), (2, 70), (2, 92), (1, 72)]
[(1, 71), (2, 93), (1, 73)]
[(1, 72), (1, 94)]
[(1, 57), (1, 95), (2, 75)]
[(2, 58), (1, 74), (2, 96), (2, 76)]
[(2, 59), (2, 75), (2, 97), (2, 77)]
[(2, 60), (2, 76), (2, 98), (1, 78)]
[(1, 61), (2, 77), (2, 99), (1, 79)]
[(1, 78), (2, 100), (1, 80)]
[(1, 79), (1, 101)]
[(1, 62), (1, 102), (2, 82)]
[(2, 63), (1, 81), (2, 103), (2, 83)]
[(2, 64), (2, 82), (2, 104), (2, 84)]
[(2, 65), (2, 83), (2, 105), (1, 85)]
[(1, 66), (2, 84), (2, 106), (1, 86)]
[(1, 85), (2, 107), (1, 87)]
[(1, 86), (1, 108)]
[(1, 67), (1, 113), (2, 89)]
[(2, 68), (1, 88), (2, 114), (2, 90)]
[(2, 69), (2, 89), (2, 115), (2, 91)]
[(2, 70), (2, 90), (2, 116), (2, 92)]
[(1, 71), (2, 91), (2, 117), (2, 93)]
[(1, 72), (2, 92), (2, 118), (1, 94)]
[(1, 73), (2, 93), (1, 119)]
[(1, 74), (1, 125), (2, 96)]
[(2, 75), (1, 95), (2, 126), (2, 97)]
[(2, 76), (2, 96), (2, 127), (2, 98)]
[(2, 77), (2, 97), (2, 128), (2, 99)]
[(1, 78), (2, 98), (2, 129), (2, 100)]
[(1, 79), (2, 99), (2, 130), (1, 101)]
[(1, 80), (2, 100), (1, 131)]
[(1, 81), (1, 137), (2, 103)]
[(2, 82), (1, 102), (2, 138), (2, 104)]
[(2, 83), (2, 103), (2, 139), (2, 105)]
[(2, 84), (2, 104), (2, 140), (2, 106)]
[(1, 85), (2, 105), (2, 141), (2, 107)]
[(1, 86), (2, 106), (2, 142), (1, 108)]
[(1, 87), (2, 107), (1, 143)]
[(3, 110)]
[(7, 12), (3, 109), (2, 177)]
[(4, 34), (1, 147), (1, 112)]
[(1, 111), (2, 148), (1, 113)]
[(1, 88), (1, 112), (1, 149), (2, 114)]
[(2, 89), (1, 113), (2, 150), (2, 115)]
[(2, 90), (2, 114), (2, 151), (2, 116)]
[(2, 91), (2, 115), (2, 152), (2, 117)]
[(2, 92), (2, 116), (2, 153), (2, 118)]
[(2, 93), (2, 117), (2, 154), (1, 119)]
[(1, 94), (2, 118), (2, 155), (1, 120)]
[(1, 119), (1, 156), (1, 121)]
[(6, 28), (1, 120), (1, 122)]
[(1, 121)]
[(1, 157), (1, 124)]
[(1, 123), (2, 158), (1, 125)]
[(1, 95), (1, 124), (1, 159), (2, 126)]
[(2, 96), (1, 125), (2, 160), (2, 127)]
[(2, 97), (2, 126), (2, 161), (2, 128)]
[(2, 98), (2, 127), (2, 162), (2, 129)]
[(2, 99), (2, 128), (2, 163), (2, 130)]
[(2, 100), (2, 129), (2, 164), (1, 131)]
[(1, 101), (2, 130), (2, 165), (1, 132)]
[(1, 131), (1, 166), (1, 133)]
[(7, 22), (1, 132), (5, 134)]
[(7, 23), (5, 133), (2, 199)]
[(1, 167), (1, 136)]
[(1, 135), (2, 168), (1, 137)]
[(1, 102), (1, 136), (1, 169), (2, 138)]
[(2, 103), (1, 137), (2, 170), (2, 139)]
[(2, 104), (2, 138), (2, 171), (2, 140)]
[(2, 105), (2, 139), (2, 172), (2, 141)]
[(2, 106), (2, 140), (2, 173), (2, 142)]
[(2, 107), (2, 141), (2, 174), (1, 143)]
[(1, 108), (2, 142), (2, 175), (1, 144)]
[(1, 143), (1, 176), (1, 145)]
[(6, 32), (1, 144), (1, 146)]
[(1, 145)]
[(1, 111), (1, 178), (2, 148)]
[(1, 112), (1, 147), (1, 179), (1, 149)]
[(1, 113), (2, 148), (1, 180), (2, 150)]
[(2, 114), (1, 149), (1, 181), (2, 151)]
[(2, 115), (2, 150), (1, 182), (2, 152)]
[(2, 116), (2, 151), (1, 183), (2, 153)]
[(2, 117), (2, 152), (1, 184), (2, 154)]
[(2, 118), (2, 153), (1, 185), (2, 155)]
[(1, 119), (2, 154), (1, 186), (1, 156)]
[(1, 120), (2, 155), (1, 187)]
[(1, 123), (1, 189), (2, 158)]
[(1, 124), (1, 157), (1, 190), (1, 159)]
[(1, 125), (2, 158), (1, 191), (2, 160)]
[(2, 126), (1, 159), (1, 192), (2, 161)]
[(2, 127), (2, 160), (1, 193), (2, 162)]
[(2, 128), (2, 161), (1, 194), (2, 163)]
[(2, 129), (2, 162), (1, 195), (2, 164)]
[(2, 130), (2, 163), (1, 196), (2, 165)]
[(1, 131), (2, 164), (1, 197), (1, 166)]
[(1, 132), (2, 165), (1, 198)]
[(1, 135), (1, 200), (2, 168)]
[(1, 136), (1, 167), (1, 201), (1, 169)]
[(1, 137), (2, 168), (1, 202), (2, 170)]
[(2, 138), (1, 169), (1, 203), (2, 171)]
[(2, 139), (2, 170), (1, 204), (2, 172)]
[(2, 140), (2, 171), (1, 205), (2, 173)]
[(2, 141), (2, 172), (1, 206), (2, 174)]
[(2, 142), (2, 173), (1, 207), (2, 175)]
[(1, 143), (2, 174), (1, 208), (1, 176)]
[(1, 144), (2, 175), (1, 209)]
[(2, 110), (6, 210), (5, 178)]
[(1, 147), (5, 177), (1, 179)]
[(2, 148), (1, 178), (6, 211), (1, 180)]
[(1, 149), (1, 179), (1, 181)]
[(2, 150), (1, 180), (1, 182)]
[(2, 151), (1, 181), (1, 183)]
[(2, 152), (1, 182), (1, 184)]
[(2, 153), (1, 183), (1, 185)]
[(2, 154), (1, 184), (1, 186)]
[(2, 155), (1, 185), (6, 212), (1, 187)]
[(1, 156), (1, 186)]
[(6, 41), (6, 213), (5, 189)]
[(1, 157), (5, 188), (1, 190)]
[(2, 158), (1, 189), (6, 215), (1, 191)]
[(1, 159), (1, 190), (1, 192)]
[(2, 160), (1, 191), (1, 193)]
[(2, 161), (1, 192), (1, 194)]
[(2, 162), (1, 193), (1, 195)]
[(2, 163), (1, 194), (1, 196)]
[(2, 164), (1, 195), (1, 197)]
[(2, 165), (1, 196), (6, 216), (1, 198)]
[(1, 166), (1, 197)]
[(2, 134), (6, 217), (5, 200)]
[(1, 167), (5, 199), (1, 201)]
[(2, 168), (1, 200), (6, 218), (1, 202)]
[(1, 169), (1, 201), (1, 203)]
[(2, 170), (1, 202), (1, 204)]
[(2, 171), (1, 203), (1, 205)]
[(2, 172), (1, 204), (1, 206)]
[(2, 173), (1, 205), (1, 207)]
[(2, 174), (1, 206), (1, 208)]
[(2, 175), (1, 207), (6, 219), (1, 209)]
[(1, 176), (1, 208)]
[(6, 177), (2, 221), (6, 211)]
[(6, 179), (6, 210), (7, 212)]
[(6, 186), (7, 211)]
[(6, 188), (5, 214)]
[(5, 213), (2, 234), (1, 215)]
[(6, 190), (1, 214), (7, 216)]
[(6, 197), (7, 215)]
[(6, 199), (2, 237), (6, 218)]
[(6, 201), (6, 217), (7, 219)]
[(6, 208), (7, 218)]
[(3, 221)]
[(2, 210), (3, 220), (3, 261), (6, 222)]
[(6, 221), (1, 239), (2, 223)]
[(1, 222), (2, 240), (2, 224)]
[(2, 223), (2, 241), (2, 225)]
[(2, 224), (2, 242), (2, 226)]
[(2, 225), (2, 243), (2, 227)]
[(2, 226), (2, 244), (2, 228)]
[(2, 227), (2, 245), (2, 229)]
[(2, 228), (2, 246), (2, 230)]
[(2, 229), (2, 247), (2, 231)]
[(2, 230), (2, 248), (2, 232)]
[(2, 231), (2, 249), (4, 233)]
[(5, 232), (3, 272), (5, 234)]
[(2, 214), (5, 233), (1, 235)]
[(1, 234), (3, 273)]
[(3, 237)]
[(2, 217), (3, 236), (3, 276), (6, 238)]
[(6, 237), (3, 277)]
[(1, 222), (1, 250), (2, 240)]
[(2, 223), (1, 239), (2, 251), (2, 241)]
[(2, 224), (2, 240), (2, 252), (2, 242)]
[(2, 225), (2, 241), (2, 253), (2, 243)]
[(2, 226), (2, 242), (2, 254), (2, 244)]
[(2, 227), (2, 243), (2, 255), (2, 245)]
[(2, 228), (2, 244), (2, 256), (2, 246)]
[(2, 229), (2, 245), (2, 257), (2, 247)]
[(2, 230), (2, 246), (2, 258), (2, 248)]
[(2, 231), (2, 247), (2, 259), (2, 249)]
[(2, 232), (2, 248), (2, 260)]
[(1, 239), (1, 262), (2, 251)]
[(2, 240), (1, 250), (1, 263), (2, 252)]
[(2, 241), (2, 251), (1, 264), (2, 253)]
[(2, 242), (2, 252), (1, 265), (2, 254)]
[(2, 243), (2, 253), (1, 266), (2, 255)]
[(2, 244), (2, 254), (1, 267), (2, 256)]
[(2, 245), (2, 255), (1, 268), (2, 257)]
[(2, 246), (2, 256), (1, 269), (2, 258)]
[(2, 247), (2, 257), (1, 270), (2, 259)]
[(2, 248), (2, 258), (1, 271), (2, 260)]
[(2, 249), (2, 259)]
[(3, 221), (7, 353), (6, 262)]
[(1, 250), (6, 261), (1, 263)]
[(2, 251), (1, 262), (1, 264)]
[(2, 252), (1, 263), (3, 281), (1, 265)]
[(2, 253), (1, 264), (1, 266)]
[(2, 254), (1, 265), (1, 267)]
[(2, 255), (1, 266), (1, 268)]
[(2, 256), (1, 267), (1, 269)]
[(2, 257), (1, 268), (1, 270)]
[(2, 258), (1, 269), (1, 271)]
[(2, 259), (1, 270), (7, 364)]
[(3, 233), (7, 368), (6, 273)]
[(3, 235), (6, 272), (2, 274)]
[(2, 273), (3, 286), (7, 275)]
[(7, 274), (7, 379)]
[(3, 237), (7, 380), (6, 277)]
[(3, 238), (6, 276), (2, 278)]
[(2, 277), (3, 291), (7, 279)]
[(7, 278), (7, 391)]
[(1, 295), (1, 281)]
[(3, 264), (1, 280), (2, 296), (1, 282)]
[(1, 281), (2, 297), (1, 283)]
[(1, 282), (2, 298), (1, 284)]
[(1, 283), (1, 299)]
[(1, 300), (1, 286)]
[(3, 274), (1, 285), (2, 301), (1, 287)]
[(1, 286), (2, 302), (1, 288)]
[(1, 287), (2, 303), (1, 289)]
[(1, 288), (1, 304)]
[(1, 305), (1, 291)]
[(3, 278), (1, 290), (2, 306), (1, 292)]
[(1, 291), (2, 307), (1, 293)]
[(1, 292), (2, 308), (1, 294)]
[(1, 293), (1, 309)]
[(1, 280), (1, 310), (2, 296)]
[(1, 281), (1, 295), (2, 311), (2, 297)]
[(1, 282), (2, 296), (2, 312), (2, 298)]
[(1, 283), (2, 297), (2, 313), (1, 299)]
[(1, 284), (2, 298), (1, 314)]
[(1, 285), (1, 317), (2, 301)]
[(1, 286), (1, 300), (2, 318), (2, 302)]
[(1, 287), (2, 301), (2, 319), (2, 303)]
[(1, 288), (2, 302), (2, 320), (1, 304)]
[(1, 289), (2, 303), (1, 321)]
[(1, 290), (1, 324), (2, 306)]
[(1, 291), (1, 305), (2, 325), (2, 307)]
[(1, 292), (2, 306), (2, 326), (2, 308)]
[(1, 293), (2, 307), (2, 327), (1, 309)]
[(1, 294), (2, 308), (1, 328)]
[(1, 295), (1, 331), (2, 311)]
[(2, 296), (1, 310), (2, 332), (2, 312)]
[(2, 297), (2, 311), (2, 333), (2, 313)]
[(2, 298), (2, 312), (2, 334), (1, 314)]
[(1, 299), (2, 313), (2, 335), (1, 315)]
[(1, 314), (2, 336), (1, 316)]
[(1, 315), (1, 337)]
[(1, 300), (1, 338), (2, 318)]
[(2, 301), (1, 317), (2, 339), (2, 319)]
[(2, 302), (2, 318), (2, 340), (2, 320)]
[(2, 303), (2, 319), (2, 341), (1, 321)]
[(1, 304), (2, 320), (2, 342), (1, 322)]
[(1, 321), (2, 343), (1, 323)]
[(1, 322), (1, 344)]
[(1, 305), (1, 345), (2, 325)]
[(2, 306), (1, 324), (2, 346), (2, 326)]
[(2, 307), (2, 325), (2, 347), (2, 327)]
[(2, 308), (2, 326), (2, 348), (1, 328)]
[(1, 309), (2, 327), (2, 349), (1, 329)]
[(1, 328), (2, 350), (1, 330)]
[(1, 329), (1, 351)]
[(1, 310), (1, 356), (2, 332)]
[(2, 311), (1, 331), (2, 357), (2, 333)]
[(2, 312), (2, 332), (2, 358), (2, 334)]
[(2, 313), (2, 333), (2, 359), (2, 335)]
[(1, 314), (2, 334), (2, 360), (2, 336)]
[(1, 315), (2, 335), (2, 361), (1, 337)]
[(1, 316), (2, 336), (1, 362)]
[(1, 317), (1, 371), (2, 339)]
[(2, 318), (1, 338), (2, 372), (2, 340)]
[(2, 319), (2, 339), (2, 373), (2, 341)]
[(2, 320), (2, 340), (2, 374), (2, 342)]
[(1, 321), (2, 341), (2, 375), (2, 343)]
[(1, 322), (2, 342), (2, 376), (1, 344)]
[(1, 323), (2, 343), (1, 377)]
[(1, 324), (1, 383), (2, 346)]
[(2, 325), (1, 345), (2, 384), (2, 347)]
[(2, 326), (2, 346), (2, 385), (2, 348)]
[(2, 327), (2, 347), (2, 386), (2, 349)]
[(1, 328), (2, 348), (2, 387), (2, 350)]
[(1, 329), (2, 349), (2, 388), (1, 351)]
[(1, 330), (2, 350), (1, 389)]
[(3, 353)]
[(7, 261), (3, 352), (2, 427)]
[(1, 393), (1, 355)]
[(1, 354), (2, 394), (1, 356)]
[(1, 331), (1, 355), (1, 395), (2, 357)]
[(2, 332), (1, 356), (2, 396), (2, 358)]
[(2, 333), (2, 357), (2, 397), (2, 359)]
[(2, 334), (2, 358), (2, 398), (2, 360)]
[(2, 335), (2, 359), (2, 399), (2, 361)]
[(2, 336), (2, 360), (2, 400), (1, 362)]
[(1, 337), (2, 361), (2, 401), (1, 363)]
[(1, 362), (1, 402), (1, 364)]
[(7, 271), (1, 363), (2, 365)]
[(2, 364), (1, 403), (1, 366)]
[(1, 365), (1, 404), (1, 367)]
[(1, 366), (1, 405), (1, 368)]
[(7, 272), (1, 367), (1, 406)]
[(1, 407), (1, 370)]
[(1, 369), (2, 408), (1, 371)]
[(1, 338), (1, 370), (1, 409), (2, 372)]
[(2, 339), (1, 371), (2, 410), (2, 373)]
[(2, 340), (2, 372), (2, 411), (2, 374)]
[(2, 341), (2, 373), (2, 412), (2, 375)]
[(2, 342), (2, 374), (2, 413), (2, 376)]
[(2, 343), (2, 375), (2, 414), (1, 377)]
[(1, 344), (2, 376), (2, 415), (1, 378)]
[(1, 377), (1, 416), (1, 379)]
[(7, 275), (1, 378), (5, 380)]
[(7, 276), (5, 379), (2, 452)]
[(1, 417), (1, 382)]
[(1, 381), (2, 418), (1, 383)]
[(1, 345), (1, 382), (1, 419), (2, 384)]
[(2, 346), (1, 383), (2, 420), (2, 385)]
[(2, 347), (2, 384), (2, 421), (2, 386)]
[(2, 348), (2, 385), (2, 422), (2, 387)]
[(2, 349), (2, 386), (2, 423), (2, 388)]
[(2, 350), (2, 387), (2, 424), (1, 389)]
[(1, 351), (2, 388), (2, 425), (1, 390)]
[(1, 389), (1, 426), (1, 391)]
[(7, 279), (1, 390), (1, 392)]
[(1, 391)]
[(1, 354), (1, 428), (2, 394)]
[(1, 355), (1, 393), (1, 429), (1, 395)]
[(1, 356), (2, 394), (1, 430), (2, 396)]
[(2, 357), (1, 395), (1, 431), (2, 397)]
[(2, 358), (2, 396), (1, 432), (2, 398)]
[(2, 359), (2, 397), (1, 433), (2, 399)]
[(2, 360), (2, 398), (1, 434), (2, 400)]
[(2, 361), (2, 399), (1, 435), (2, 401)]
[(1, 362), (2, 400), (1, 436), (1, 402)]
[(1, 363), (2, 401), (1, 437)]
[(1, 365), (1, 438), (1, 404)]
[(1, 366), (1, 403), (1, 439), (1, 405)]
[(1, 367), (1, 404), (1, 440), (1, 406)]
[(1, 368), (1, 405), (1, 441)]
[(1, 369), (1, 442), (2, 408)]
[(1, 370), (1, 407), (1, 443), (1, 409)]
[(1, 371), (2, 408), (1, 444), (2, 410)]
[(2, 372), (1, 409), (1, 445), (2, 411)]
[(2, 373), (2, 410), (1, 446), (2, 412)]
[(2, 374), (2, 411), (1, 447), (2, 413)]
[(2, 375), (2, 412), (1, 448), (2, 414)]
[(2, 376), (2, 413), (1, 449), (2, 415)]
[(1, 377), (2, 414), (1, 450), (1, 416)]
[(1, 378), (2, 415), (1, 451)]
[(1, 381), (1, 453), (2, 418)]
[(1, 382), (1, 417), (1, 454), (1, 419)]
[(1, 383), (2, 418), (1, 455), (2, 420)]
[(2, 384), (1, 419), (1, 456), (2, 421)]
[(2, 385), (2, 420), (1, 457), (2, 422)]
[(2, 386), (2, 421), (1, 458), (2, 423)]
[(2, 387), (2, 422), (1, 459), (2, 424)]
[(2, 388), (2, 423), (1, 460), (2, 425)]
[(1, 389), (2, 424), (1, 461), (1, 426)]
[(1, 390), (2, 425), (1, 462)]
[(2, 353), (1, 463), (5, 428)]
[(1, 393), (5, 427), (1, 429)]
[(2, 394), (1, 428), (1, 464), (1, 430)]
[(1, 395), (1, 429), (1, 431)]
[(2, 396), (1, 430), (1, 432)]
[(2, 397), (1, 431), (1, 433)]
[(2, 398), (1, 432), (1, 434)]
[(2, 399), (1, 433), (1, 435)]
[(2, 400), (1, 434), (1, 436)]
[(2, 401), (1, 435), (1, 465), (1, 437)]
[(1, 402), (1, 436), (1, 466)]
[(1, 403), (1, 467), (1, 439)]
[(1, 404), (1, 438), (1, 468), (1, 440)]
[(1, 405), (1, 439), (1, 469), (1, 441)]
[(1, 406), (1, 440), (1, 470), (5, 442)]
[(1, 407), (5, 441), (1, 443)]
[(2, 408), (1, 442), (1, 471), (1, 444)]
[(1, 409), (1, 443), (1, 445)]
[(2, 410), (1, 444), (1, 446)]
[(2, 411), (1, 445), (1, 447)]
[(2, 412), (1, 446), (1, 448)]
[(2, 413), (1, 447), (1, 449)]
[(2, 414), (1, 448), (1, 450)]
[(2, 415), (1, 449), (1, 472), (1, 451)]
[(1, 416), (1, 450)]
[(2, 380), (1, 473), (5, 453)]
[(1, 417), (5, 452), (1, 454)]
[(2, 418), (1, 453), (1, 474), (1, 455)]
[(1, 419), (1, 454), (1, 456)]
[(2, 420), (1, 455), (1, 457)]
[(2, 421), (1, 456), (1, 458)]
[(2, 422), (1, 457), (1, 459)]
[(2, 423), (1, 458), (1, 460)]
[(2, 424), (1, 459), (1, 461)]
[(2, 425), (1, 460), (1, 475), (1, 462)]
[(1, 426), (1, 461)]
[(1, 427)]
[(1, 429)]
[(1, 436), (1, 466)]
[(1, 437), (1, 465), (3, 467)]
[(1, 438), (3, 466), (1, 468)]
[(1, 439), (1, 467), (1, 469)]
[(1, 440), (1, 468), (1, 470)]
[(1, 441), (1, 469)]
[(1, 443)]
[(1, 450)]
[(1, 452)]
[(1, 454)]
[(1, 461)]
