0(0,9)
1(0,29)
2(0,49)
3(1,0)
4(1,3)
5(1,9)
6(1,20)
7(1,23)
8(1,29)
9(1,40)
10(1,43)
11(1,49)
12(4,3)
13(4,9)
14(4,11)
15(4,18)
16(4,19)
17(4,20)
18(4,21)
19(4,23)
20(4,29)
21(4,31)
22(4,38)
23(4,43)
24(4,49)
25(4,51)
26(4,58)
27(4,59)
28(5,18)
29(5,19)
30(5,20)
31(5,21)
32(5,58)
33(5,59)
34(7,8)
35(7,10)
36(7,11)
37(7,12)
38(7,13)
39(7,14)
40(7,21)
41(7,23)
42(7,30)
43(7,31)
44(7,32)
45(7,33)
46(7,34)
47(7,50)
48(7,51)
49(7,52)
50(7,53)
51(7,54)
52(8,10)
53(8,11)
54(8,12)
55(8,13)
56(8,14)
57(8,30)
58(8,31)
59(8,32)
60(8,33)
61(8,34)
62(8,50)
63(8,51)
64(8,52)
65(8,53)
66(8,54)
67(9,10)
68(9,11)
69(9,12)
70(9,13)
71(9,14)
72(9,15)
73(9,16)
74(9,30)
75(9,31)
76(9,32)
77(9,33)
78(9,34)
79(9,35)
80(9,36)
81(9,50)
82(9,51)
83(9,52)
84(9,53)
85(9,54)
86(9,55)
87(9,56)
88(10,10)
89(10,11)
90(10,12)
91(10,13)
92(10,14)
93(10,15)
94(10,16)
95(10,30)
96(10,31)
97(10,32)
98(10,33)
99(10,34)
100(10,35)
101(10,36)
102(10,50)
103(10,51)
104(10,52)
105(10,53)
106(10,54)
107(10,55)
108(10,56)
109(11,0)
110(11,3)
111(11,8)
112(11,9)
113(11,10)
114(11,11)
115(11,12)
116(11,13)
117(11,14)
118(11,15)
119(11,16)
120(11,17)
121(11,18)
122(11,19)
123(11,28)
124(11,29)
125(11,30)
126(11,31)
127(11,32)
128(11,33)
129(11,34)
130(11,35)
131(11,36)
132(11,37)
133(11,38)
134(11,43)
135(11,48)
136(11,49)
137(11,50)
138(11,51)
139(11,52)
140(11,53)
141(11,54)
142(11,55)
143(11,56)
144(11,57)
145(11,58)
146(11,59)
147(12,8)
148(12,9)
149(12,10)
150(12,11)
151(12,12)
152(12,13)
153(12,14)
154(12,15)
155(12,16)
156(12,17)
157(12,28)
158(12,29)
159(12,30)
160(12,31)
161(12,32)
162(12,33)
163(12,34)
164(12,35)
165(12,36)
166(12,37)
167(12,48)
168(12,49)
169(12,50)
170(12,51)
171(12,52)
172(12,53)
173(12,54)
174(12,55)
175(12,56)
176(12,57)
177(13,3)
178(13,8)
179(13,9)
180(13,10)
181(13,11)
182(13,12)
183(13,13)
184(13,14)
185(13,15)
186(13,16)
187(13,17)
188(13,23)
189(13,28)
190(13,29)
191(13,30)
192(13,31)
193(13,32)
194(13,33)
195(13,34)
196(13,35)
197(13,36)
198(13,37)
199(13,43)
200(13,48)
201(13,49)
202(13,50)
203(13,51)
204(13,52)
205(13,53)
206(13,54)
207(13,55)
208(13,56)
209(13,57)
210(19,3)
211(19,9)
212(19,16)
213(19,23)
214(19,28)
215(19,29)
216(19,36)
217(19,43)
218(19,49)
219(19,56)
220(21,0)
221(21,3)
222(21,9)
223(21,10)
224(21,11)
225(21,12)
226(21,13)
227(21,14)
228(21,15)
229(21,16)
230(21,17)
231(21,18)
232(21,19)
233(21,23)
234(21,28)
235(21,29)
236(21,40)
237(21,43)
238(21,49)
239(22,9)
240(22,10)
241(22,11)
242(22,12)
243(22,13)
244(22,14)
245(22,15)
246(22,16)
247(22,17)
248(22,18)
249(22,19)
250(23,9)
251(23,10)
252(23,11)
253(23,12)
254(23,13)
255(23,14)
256(23,15)
257(23,16)
258(23,17)
259(23,18)
260(23,19)
261(24,3)
262(24,9)
263(24,10)
264(24,11)
265(24,12)
266(24,13)
267(24,14)
268(24,15)
269(24,16)
270(24,17)
271(24,18)
272(24,23)
273(24,29)
274(24,31)
275(24,38)
276(24,43)
277(24,49)
278(24,51)
279(24,58)
280(27,10)
281(27,11)
282(27,12)
283(27,13)
284(27,14)
285(27,30)
286(27,31)
287(27,32)
288(27,33)
289(27,34)
290(27,50)
291(27,51)
292(27,52)
293(27,53)
294(27,54)
295(28,10)
296(28,11)
297(28,12)
298(28,13)
299(28,14)
300(28,30)
301(28,31)
302(28,32)
303(28,33)
304(28,34)
305(28,50)
306(28,51)
307(28,52)
308(28,53)
309(28,54)
310(29,10)
311(29,11)
312(29,12)
313(29,13)
314(29,14)
315(29,15)
316(29,16)
317(29,30)
318(29,31)
319(29,32)
320(29,33)
321(29,34)
322(29,35)
323(29,36)
324(29,50)
325(29,51)
326(29,52)
327(29,53)
328(29,54)
329(29,55)
330(29,56)
331(30,10)
332(30,11)
333(30,12)
334(30,13)
335(30,14)
336(30,15)
337(30,16)
338(30,30)
339(30,31)
340(30,32)
341(30,33)
342(30,34)
343(30,35)
344(30,36)
345(30,50)
346(30,51)
347(30,52)
348(30,53)
349(30,54)
350(30,55)
351(30,56)
352(31,0)
353(31,3)
354(31,8)
355(31,9)
356(31,10)
357(31,11)
358(31,12)
359(31,13)
360(31,14)
361(31,15)
362(31,16)
363(31,17)
364(31,18)
365(31,20)
366(31,21)
367(31,22)
368(31,23)
369(31,28)
370(31,29)
371(31,30)
372(31,31)
373(31,32)
374(31,33)
375(31,34)
376(31,35)
377(31,36)
378(31,37)
379(31,38)
380(31,43)
381(31,48)
382(31,49)
383(31,50)
384(31,51)
385(31,52)
386(31,53)
387(31,54)
388(31,55)
389(31,56)
390(31,57)
391(31,58)
392(31,59)
393(32,8)
394(32,9)
395(32,10)
396(32,11)
397(32,12)
398(32,13)
399(32,14)
400(32,15)
401(32,16)
402(32,17)
403(32,20)
404(32,21)
405(32,22)
406(32,23)
407(32,28)
408(32,29)
409(32,30)
410(32,31)
411(32,32)
412(32,33)
413(32,34)
414(32,35)
415(32,36)
416(32,37)
417(32,48)
418(32,49)
419(32,50)
420(32,51)
421(32,52)
422(32,53)
423(32,54)
424(32,55)
425(32,56)
426(32,57)
427(33,3)
428(33,8)
429(33,9)
430(33,10)
431(33,11)
432(33,12)
433(33,13)
434(33,14)
435(33,15)
436(33,16)
437(33,17)
438(33,20)
439(33,21)
440(33,22)
441(33,23)
442(33,28)
443(33,29)
444(33,30)
445(33,31)
446(33,32)
447(33,33)
448(33,34)
449(33,35)
450(33,36)
451(33,37)
452(33,43)
453(33,48)
454(33,49)
455(33,50)
456(33,51)
457(33,52)
458(33,53)
459(33,54)
460(33,55)
461(33,56)
462(33,57)
463(34,3)
464(34,9)
465(34,16)
466(34,17)
467(34,20)
468(34,21)
469(34,22)
470(34,23)
471(34,29)
472(34,36)
473(34,43)
474(34,49)
475(34,56)
